5; 12
4.8947; 1
4.875; 1
4.8708; 1
4.8673; 1
4.8567; 1
4.8494; 1
4.8452; 1
4.8387; 1
4.8363; 1
4.8314; 1
4.8276; 1
4.8259; 1
4.8248; 1
4.8235; 1
4.8203; 1
4.82; 1
4.8171; 1
4.8155; 1
4.8145; 1
4.8127; 1
4.8094; 1
4.8089; 1
4.8075; 1
4.8058; 1
4.8057; 1
4.8042; 1
4.8; 3
4.7989; 1
4.7983; 1
4.7966; 1
4.7953; 1
4.7952; 1
4.7924; 1
4.7893; 1
4.7892; 1
4.787; 1
4.7856; 1
4.7833; 1
4.7788; 1
4.7774; 1
4.7763; 1
4.7742; 1
4.774; 1
4.7729; 1
4.7718; 1
4.7714; 1
4.7683; 1
4.7676; 1
4.7668; 1
4.7666; 1
4.7663; 1
4.7659; 1
4.7605; 1
4.7586; 1
4.7547; 1
4.7484; 1
4.742; 1
4.7341; 1
4.7331; 1
4.7325; 1
4.7323; 1
4.7321; 2
4.729; 1
4.7262; 1
4.7241; 1
4.7235; 1
4.7228; 1
4.7218; 1
4.7209; 1
4.7188; 1
4.7187; 1
4.717; 1
4.7168; 1
4.7157; 1
4.7154; 1
4.7148; 1
4.7145; 1
4.7127; 1
4.7124; 2
4.7117; 1
4.7114; 1
4.7111; 1
4.7097; 1
4.7093; 1
4.7083; 1
4.708; 1
4.7076; 2
4.7071; 1
4.7055; 1
4.7041; 1
4.7035; 1
4.7033; 1
4.7029; 1
4.7018; 2
4.7006; 1
4.7; 1
4.6999; 1
4.6992; 1
4.6988; 1
4.6927; 1
4.6899; 1
4.6875; 1
4.6865; 2
4.6857; 1
4.6842; 1
4.6831; 1
4.683; 1
4.6817; 1
4.6804; 1
4.6796; 1
4.6787; 1
4.6786; 1
4.6779; 1
4.6758; 2
4.6744; 1
4.6726; 2
4.6703; 1
4.6692; 1
4.6689; 1
4.6667; 3
4.6624; 1
4.6616; 1
4.6609; 2
4.6597; 1
4.658; 1
4.6579; 1
4.6578; 1
4.6576; 1
4.6571; 1
4.6566; 1
4.6563; 1
4.6552; 1
4.6538; 1
4.6522; 1
4.6514; 1
4.6508; 1
4.6491; 1
4.6489; 1
4.6471; 2
4.6467; 1
4.6461; 1
4.6456; 1
4.6453; 1
4.6445; 1
4.6437; 1
4.6433; 1
4.6429; 1
4.6414; 1
4.6409; 1
4.64; 1
4.6391; 2
4.6385; 1
4.6364; 1
4.6355; 1
4.6348; 1
4.6343; 1
4.6323; 1
4.6321; 1
4.6316; 1
4.631; 1
4.6293; 1
4.6275; 1
4.6273; 1
4.6269; 1
4.626; 1
4.6258; 1
4.6256; 1
4.6254; 1
4.624; 1
4.6234; 1
4.6207; 1
4.6202; 1
4.6197; 1
4.6189; 1
4.6168; 1
4.616; 1
4.6154; 1
4.6137; 1
4.6132; 1
4.6111; 1
4.61; 1
4.6098; 1
4.6095; 1
4.6088; 2
4.6087; 2
4.6077; 1
4.6071; 1
4.6053; 1
4.6051; 1
4.6047; 1
4.6045; 1
4.6038; 1
4.6031; 1
4.6; 2
4.5996; 1
4.5969; 1
4.5963; 1
4.5962; 1
4.5958; 1
4.5957; 1
4.593; 1
4.5919; 1
4.5909; 2
4.5899; 1
4.589; 1
4.5857; 1
4.5846; 1
4.5828; 1
4.5809; 1
4.5808; 1
4.5798; 1
4.5778; 1
4.5748; 1
4.5747; 1
4.5746; 1
4.5735; 1
4.5714; 1
4.571; 1
4.5709; 1
4.5708; 1
4.5706; 1
4.5705; 1
4.5685; 1
4.5672; 1
4.567; 1
4.5669; 1
4.5664; 1
4.5661; 1
4.566; 1
4.5654; 1
4.5644; 1
4.562; 1
4.5608; 1
4.5585; 1
4.5578; 1
4.5564; 1
4.5563; 1
4.5556; 1
4.5549; 1
4.5533; 1
4.553; 1
4.5524; 1
4.5504; 1
4.5503; 1
4.5501; 1
4.5479; 1
4.5476; 1
4.5471; 1
4.5461; 2
4.5458; 1
4.5455; 1
4.5437; 1
4.5435; 1
4.5428; 1
4.5423; 1
4.542; 1
4.5412; 1
4.538; 1
4.5378; 1
4.5369; 1
4.5366; 1
4.5342; 1
4.5334; 1
4.5326; 1
4.5313; 1
4.5309; 1
4.5305; 1
4.5297; 1
4.5291; 1
4.5267; 1
4.5257; 1
4.5239; 1
4.5228; 1
4.5212; 1
4.5188; 1
4.5187; 1
4.5128; 1
4.5102; 1
4.508; 1
4.5076; 1
4.5055; 1
4.5049; 1
4.5043; 1
4.504; 1
4.5031; 1
4.5018; 1
4.5004; 1
4.5; 5
4.4972; 1
4.4955; 1
4.4949; 1
4.4936; 1
4.4923; 1
4.4911; 1
4.4902; 1
4.4897; 1
4.4892; 2
4.4887; 1
4.4874; 1
4.4872; 1
4.4856; 1
4.4852; 1
4.4834; 1
4.4828; 1
4.4827; 1
4.4825; 1
4.4807; 1
4.4796; 1
4.4775; 1
4.4732; 1
4.473; 1
4.4714; 1
4.4707; 1
4.4699; 1
4.4698; 1
4.4692; 1
4.4685; 1
4.4682; 1
4.4665; 1
4.466; 1
4.4659; 1
4.4643; 1
4.4632; 1
4.4622; 1
4.4575; 2
4.4564; 1
4.4557; 2
4.4545; 1
4.4537; 1
4.4524; 1
4.4515; 1
4.4514; 1
4.4504; 1
4.4465; 1
4.4447; 1
4.4444; 1
4.4413; 1
4.4396; 1
4.4382; 1
4.4375; 2
4.4374; 1
4.4357; 1
4.4348; 1
4.4343; 1
4.4326; 1
4.4322; 1
4.431; 1
4.4305; 1
4.4286; 1
4.4271; 1
4.4235; 1
4.4188; 1
4.4167; 1
4.4139; 1
4.4133; 1
4.4112; 1
4.4109; 1
4.4082; 1
4.408; 1
4.4041; 1
4.4012; 1
4.401; 1
4.4008; 1
4.4; 1
4.3984; 1
4.3971; 1
4.3939; 1
4.3926; 1
4.3907; 1
4.3896; 1
4.3872; 1
4.3862; 1
4.3853; 1
4.3846; 1
4.3828; 1
4.3812; 1
4.3